Four Player Dice
================

fit=0.996234375;[4, 6, 9, 13, 21, 26, 27, 28, 35, 37, 42, 48, 3, 8, 10, 15, 17, 18, 31, 33, 34, 39, 43, 44, 1, 7, 12, 14, 19, 24, 25, 29, 36, 38, 45, 46, 2, 5, 11, 16, 20, 22, 23, 30, 32, 40, 41, 47]
fit=0.995234375;[2, 10, 11, 12, 14, 22, 28, 30, 36, 39, 43, 45, 3, 8, 9, 15, 18, 21, 23, 37, 38, 40, 41, 44, 1, 5, 13, 19, 20, 24, 26, 27, 32, 33, 46, 48, 4, 6, 7, 16, 17, 25, 29, 31, 34, 35, 42, 47]
fit=0.99521875;[4, 6, 9, 13, 21, 26, 27, 28, 35, 37, 42, 48, 3, 8, 10, 15, 17, 18, 31, 33, 34, 39, 43, 44, 1, 7, 12, 14, 19, 24, 25, 29, 36, 38, 45, 46, 2, 5, 11, 16, 20, 22, 23, 30, 32, 40, 41, 47]
fit=0.992;[4, 6, 9, 13, 21, 26, 27, 28, 35, 37, 42, 48, 3, 8, 10, 15, 17, 18, 31, 33, 34, 39, 43, 44, 1, 7, 12, 14, 19, 24, 25, 29, 36, 38, 45, 46, 2, 5, 11, 16, 20, 22, 23, 30, 32, 40, 41, 47]
fit=0.98696875;[2, 10, 13, 15, 16, 23, 24, 27, 32, 42, 44, 46, 3, 7, 8, 14, 21, 22, 29, 33, 35, 38, 43, 45, 4, 6, 9, 11, 19, 25, 26, 30, 34, 36, 41, 48, 1, 5, 12, 17, 18, 20, 28, 31, 37, 39, 40, 47]
fit=0.986953125;[2, 8, 9, 14, 16, 22, 24, 33, 35, 39, 44, 45, 3, 5, 12, 17, 18, 20, 25, 34, 37, 38, 40, 46, 1, 7, 13, 15, 19, 21, 27, 28, 31, 42, 43, 47, 4, 6, 10, 11, 23, 26, 29, 30, 32, 36, 41, 48]
fit=0.9855;[2, 8, 9, 14, 16, 22, 24, 33, 35, 39, 44, 45, 3, 5, 12, 17, 18, 20, 25, 34, 37, 38, 40, 46, 1, 7, 13, 15, 19, 21, 27, 28, 31, 42, 43, 47, 4, 6, 10, 11, 23, 26, 29, 30, 32, 36, 41, 48]
fit=0.9849375;[2, 6, 7, 14, 20, 25, 26, 29, 35, 38, 40, 48, 4, 5, 15, 16, 17, 23, 24, 28, 36, 39, 43, 45, 3, 9, 10, 12, 18, 19, 30, 32, 33, 41, 42, 46, 1, 8, 11, 13, 21, 22, 27, 31, 34, 37, 44, 47]


Old fitness function - first-place only
---------------------------------------
fit=0.9972500000000001;[45, 24, 35, 14, 33, 16, 8, 9, 2, 39, 22, 44, 46, 5, 38, 40, 12, 18, 34, 37, 17, 3, 25, 20, 21, 1, 31, 27, 19, 13, 43, 47, 15, 42, 7, 28, 4, 41, 6, 29, 30, 48, 23, 32, 26, 11, 10, 36]
fit=0.9987111111111111;[14, 33, 45, 24, 35, 16, 8, 9, 2, 39, 22, 44, 46, 5, 38, 40, 12, 18, 34, 37, 17, 3, 25, 20, 21, 1, 31, 27, 19, 13, 43, 47, 15, 42, 7, 28, 4, 26, 11, 32, 29, 41, 10, 6, 23, 48, 36, 30]
fit=0.9953916666666666;[2, 6, 12, 13, 22, 25, 26, 28, 37, 38, 40, 47, 3, 4, 5, 15, 20, 29, 31, 32, 35, 36, 42, 44, 1, 8, 9, 18, 19, 21, 24, 27, 30, 41, 43, 48, 7, 10, 11, 14, 16, 17, 23, 33, 34, 39, 45, 46]
fit=0.9956805555555555;[2, 6, 7, 14, 20, 25, 26, 29, 35, 38, 40, 48, 4, 5, 15, 16, 17, 23, 24, 28, 36, 39, 43, 45, 3, 9, 10, 12, 18, 19, 30, 32, 33, 41, 42, 46, 1, 8, 11, 13, 21, 22, 27, 31, 34, 37, 44, 47]
fit=0.99994;[7, 14, 16, 17, 21, 23, 26, 28, 32, 38, 45, 46, 6, 8, 9, 10, 13, 19, 20, 25, 34, 42, 44, 48, 11, 12, 15, 22, 24, 27, 29, 30, 35, 36, 37, 47, 1, 2, 3, 4, 5, 18, 31, 33, 39, 40, 41, 43]
fit=0.9981;[5, 13, 15, 19, 21, 23, 25, 32, 35, 38, 40, 47, 3, 7, 8, 11, 12, 14, 29, 30, 33, 41, 44, 46, 2, 9, 16, 17, 18, 24, 26, 34, 36, 39, 42, 43, 1, 4, 6, 10, 20, 22, 27, 28, 31, 37, 45, 48]

The Actual Go-First dice
========================
Take from http://www.ericharshbarger.org/dice/4d12_fairness_report.txt

D1: 1,8,11,14,19,22,27,30,35,38,41,48
D2: 2,7,10,15,18,23,26,31,34,39,42,47
D3: 3,6,12,13,17,24,25,32,36,37,43,46
D4: 4,5,9,16,20,21,28,29,33,40,44,45

Interestingly enough, the fitness of this one was 0.99534375 - pretty darn good